Epoch     Train Loss     Train Acc      Val Loss       Val Acc        
----------------------------------------------------------------------
1         0.9279         69.86         0.6245         80.54         
2         0.3444         88.60         0.4350         85.69         
3         0.2018         93.39         0.3349         89.07         
4         0.0487         98.60         0.2413         93.42         
5         0.0167         99.64         0.2263         93.42         
6         0.0070         99.81         0.2145         95.02         
7         0.0018         99.96         0.2152         94.73         
8         0.0007         99.99         0.2180         94.79         
9         0.0005         100.00        0.2212         95.13         
10        0.0003         100.00        0.2221         95.13 
