Epoch     Train Loss     Train Acc      Val Loss       Val Acc        
----------------------------------------------------------------------
1         0.9259         69.43         0.6312         79.79         
2         0.3535         88.38         0.4278         85.80         
3         0.1988         93.36         0.3621         89.81         
4         0.0450         98.68         0.2671         93.42         
5         0.0083         99.79         0.2506         93.99         
6         0.0045         99.90         0.2523         94.50         
7         0.0011         99.99         0.2623         94.68         
8         0.0005         100.00        0.2657         94.62         
9         0.0004         100.00        0.2746         94.56         
10        0.0003         100.00        0.2779         94.50 
