Epoch     Train Loss     Train Acc      Val Loss       Val Acc        
----------------------------------------------------------------------
1         1.0165         66.51         0.6291         78.99         
2         0.4012         86.77         0.3810         87.18         
3         0.2063         92.93         0.4752         86.89         
4         0.0477         98.63         0.2964         91.76         
5         0.0104         99.74         0.3081         92.10         
6         0.0106         99.73         0.3050         92.44         
7         0.0027         99.96         0.2932         92.96         
8         0.0021         99.96         0.3011         93.07         
9         0.0039         99.91         0.3053         92.96         
10        0.0009         100.00        0.2980         93.25  
